
 --------  PYTHIA Event Listing  (complete event)  ---------------------------------------------------------------------------------
 
    no         id  name            status     mothers   daughters     colours      p_x        p_y        p_z         e          m 
     0         90  (system)           -11     0     0     0     0     0     0      0.000000000000000      0.000000000000000      0.000000000000000   6500.000000000000000   6500.000000000000000
     1       2212  (p+)               -12     0     0     3     0     0     0      0.000000000000000      0.000000000000000   3249.999864561444156   3249.999999999999545      0.938270000000000
     2       2212  (p+)               -12     0     0     4     0     0     0      0.000000000000000      0.000000000000000  -3249.999864561444156   3249.999999999999545      0.938270000000000
     3          4  (c)                -21     1     0     5     0   101     0      0.000000000000000      0.000000000000000     40.895710446167854     40.895710446167854      0.000000000000000
     4         -4  (cbar)             -21     2     0     5     0     0   101      0.000000000000000      0.000000000000000     -1.858447586963438      1.858447586963438      0.000000000000000
     5         23  Z0                  23     3     4     0     0     0     0      0.000000000000000      0.000000000000000     39.037262859204418     42.754158033131290     17.435886486879419
                                   Charge sum:  0.000           Momentum sum:      0.000000000000000      0.000000000000000     39.037262859204418     42.754158033131290     17.435886486879408

 --------  End PYTHIA Event Listing  -----------------------------------------------------------------------------------------------
