
pythia.readString("Random:Seed   = 47");  
--------  PYTHIA Event Listing  (complete event)  ---------------------------------------------------------------------------------
 
    no         id  name            status     mothers   daughters     colours      p_x        p_y        p_z         e          m 
     0         90  (system)           -11     0     0     0     0     0     0      0.000      0.000      0.000   6500.000   6500.000
     1       2212  (p+)               -12     0     0     6     0     0     0      0.000      0.000   3250.000   3250.000      0.938
     2       2212  (p+)               -12     0     0     7     0     0     0      0.000      0.000  -3250.000   3250.000      0.938
     3          2  (u)                -21     6     6     5     0   101     0      0.000      0.000    423.042    423.042      0.000
     4         -2  (ubar)             -21     7     0     5     0     0   101      0.000      0.000     -0.274      0.274      0.000
     5         23  (Z0)               -23     3     4     8     8     0     0      0.000      0.000    422.768    423.316     21.518
     6          2  (u)                -42     1     0     3     3   101     0     -0.000     -0.000    423.042    423.042      0.000
     7         21  (g)                -41     2     0     9     4   102   101      0.000      0.000     -0.766      0.766      0.000
     8         23  Z0                  44     5     5     0     0     0     0     -5.942     -1.798    401.423    402.048     21.518
     9          2  u                   43     7     0     0     0   102     0      5.942      1.798     20.853     21.760      0.330
                                   Charge sum:  0.667           Momentum sum:      0.000      0.000    422.276    423.808     35.994

 --------  End PYTHIA Event Listing  -----------------------------------------------------------------------------------------------


pythia.readString("Random:Seed   = 8");  
 --------  PYTHIA Event Listing  (complete event)  ---------------------------------------------------------------------------------
 
    no         id  name            status     mothers   daughters     colours      p_x        p_y        p_z         e          m 
     0         90  (system)           -11     0     0     0     0     0     0      0.000      0.000      0.000   6500.000   6500.000
     1       2212  (p+)               -12     0     0     6     0     0     0      0.000      0.000   3250.000   3250.000      0.938
     2       2212  (p+)               -12     0     0     7     0     0     0      0.000      0.000  -3250.000   3250.000      0.938
     3          4  (c)                -21     6     6     5     0   101     0      0.000      0.000     40.896     40.896      0.000
     4         -4  (cbar)             -21     7     0     5     0     0   101      0.000      0.000     -1.858      1.858      0.000
     5         23  (Z0)               -23     3     4     8     8     0     0      0.000      0.000     39.037     42.754     17.436
     6          4  (c)                -42     1     0     3     3   101     0      0.000      0.000     40.896     40.896      0.000
     7         21  (g)                -41     2     0     9     4   102   101     -0.000      0.000     -2.647      2.647      0.000
     8         23  Z0                  44     5     5     0     0     0     0      0.683     -0.624     37.925     41.751     17.436
     9          4  c                   43     7     0     0     0   102     0     -0.683      0.624      0.324      1.792      1.500
                                   Charge sum:  0.667           Momentum sum:     -0.000     -0.000     38.248     43.543     20.810

 --------  End PYTHIA Event Listing  -----------------------------------------------------------------------------------------------

